SORA
10 
56 
20 
28 
7 
12 
11 
4 
1603 
528 
31 
16 
206 
12 
220 
14 
221 
35 
0 
36 
0 
38 
0 
15 
0 
0 
0 
25 
46 
0 
0 
0 
0 
0 
85 
0 
0 
0 
0 
0 
1 
0 
0 
2 
0 
0 
0 
0 
0 
9 
0 
0 
15 
4 
1487 
0 
1 
0 
0 
1 
1 
1 
1 
2 
1 
0 
0 
0 
0 
0 
1 
0 
8 
3 
4 
1 
-1 
0 
0 
1 
4 
1 
1 
1 
1 
1 
2 
0 
7 
26 
0 
2 
2 
-1 
1 
0 
0 
1 
0 
4 
0 
1 
0 
0 
15 
0 
15 
0 
8 
1 
1 
1 
1 
0 
0 
1 
0 
3 
2 
3 
1 
0 
3 
0 
0 
0 
0 
1 
3 
1 
0 
1 
2 
0 
0 
1 
1 
2 
1 
0 
1 
0 
0 
0 
0 
0 
0 
0 
0 
0 
0 
0 
0 
0 
0 
0 
0 
0 
0 
0 
1 
0 
0 
0 
1 
0 
0 
0 
0 
0 
0 
0 
0 
0 
0 
0 
0 
0 
0 
0 
0 
0 
0 
0 
0 
0 
0 
0 
0 
0 
0 
0 
0 
0 
0 
0 
0 
0 
0 
0 
0 
0 
0 
0 
0 
0 
0 
0 
0 
0 
0 
0 
0 
0 
0 
0 
0 
0 
0 
0 
0 
0 
0 
0 
0 
0 
0 
0 
0 
205 
31 
10 
3 
11 
2 
0 
0 
0 
0 
0 
0 
0 
0 
0 
0 
0 
0 
0 
0 
0 
0 
0 
0 
0 
0 
0 
0 
0 
0 
0 
0 
0 
0 
0 
0 
0 
0 
0 
0 
0 
0 
0 
0 
0 
0 
0 
0 
0 
0 
0 
0 
0 
0 
1 
0 
0 
0 
0 
0 
1 
0 
0 
0 
0 
8 
0 
0 
0 
0 
1 
0 
0 
0 
0 
2 
0 
0 
0 
1 
0 
0 
0 
0 
0 
0 
0 
0 
0 
0 
0 
0 
0 
0 
0 
0 
0 
0 
0 
0 
0 
0 
0 
0 
0 
0 
0 
0 
0 
0 
0 
0 
0 
0 
0 
0 
0 
0 
0 
0 
0 
0 
0 
0 
0 
0 
0 
0 
0 
0 
0 
0 
0 
0 
0 
0 
0 
0 
0 
0 
0 
0 
0 
0 
0 
0 
0 
0 
0 
0 
1 
-109 
1 
0 
2 
1 
1 
9 
3 
0 
0 
0 
0 
0 
0 
0 
0 
0 
0 
20 
2 
1 
0 
1 
1 
1 
0 
0 
30 
1 
0 
0 
0 
0 
0 
0 
1 
0 
0 
0 
0 
2 
0 
0 
0 
0 
0 
0 
0 
0 
0 
0 
0 
0 
0 
0 
0 
0 
4 
1 
0 
0 
0 
0 
0 
0 
0 
0 
0 
0 
0 
0 
0 
0 
0 
0 
0 
0 
0 
0 
0 
0 
0 
0 
0 
0 
0 
0 
0 
0 
2 
0 
0 
0 
0 
0 
0 
0 
0 
0 
0 
0 
0 
0 
0 
0 
0 
0 
1 
0 
0 
0 
0 
0 
0 
0 
0 
0 
0 
0 
0 
0 
0 
0 
0 
0 
0 
0 
0 
0 
0 
0 
0 
0 
0 
0 
0 
0 
0 
0 
0 
0 
0 
0 
0 
0 
6 
0 
0 
0 
0 
0 
0 
0 
0 
0 
0 
0 
0 
0 
0 
0 
143 
1 
1 
1 
299 
139 
415828 